6 hello-nj-6 4909 1566491930268 1566491935177
2 hello-java-2 5830 1566491930255 1566491936085
8 hello-go-8 7259 1566491930277 1566491937536
7 hello-swift-7 7506 1566491930284 1566491937790
5 hello-php-5 7670 1566491930265 1566491937935
6 hello-ruby-6 7810 1566491930269 1566491938079
1 hello-go-1 8035 1566491930254 1566491938289
2 hello-ruby-2 8800 1566491930254 1566491939054
6 hello-py-6 12405 1566491930270 1566491942675
3 hello-swift-3 12585 1566491930260 1566491942845
4 hello-py-4 14540 1566491930262 1566491944802
3 hello-java-3 15549 1566491930259 1566491945808
8 hello-nj-8 16209 1566491930271 1566491946480
1 hello-java-1 17841 1566491930253 1566491948094
1 hello-nj-1 19247 1566491930252 1566491949499
5 hello-ruby-5 21457 1566491930263 1566491951720
7 hello-php-7 22394 1566491930270 1566491952664
1 hello-ruby-1 22420 1566491930252 1566491952672
3 hello-go-3 24914 1566491930259 1566491955173
6 hello-swift-6 26107 1566491930273 1566491956380
8 hello-php-8 26996 1566491930283 1566491957279
6 hello-php-6 27021 1566491930265 1566491957286
5 hello-nj-5 29412 1566491930264 1566491959676
8 hello-swift-8 29908 1566491930291 1566491960199
4 hello-java-4 31466 1566491930262 1566491961728
2 hello-swift-2 34291 1566491930257 1566491964548
1 hello-php-1 34609 1566491930252 1566491964861
5 hello-java-5 34983 1566491930265 1566491965248
1 hello-swift-1 35426 1566491930254 1566491965680
6 hello-go-6 37789 1566491930272 1566491968061
3 hello-ruby-3 37908 1566491930259 1566491968167
7 hello-nj-7 38589 1566491930271 1566491968860
2 hello-php-2 40106 1566491930254 1566491970360
7 hello-java-7 44191 1566491930278 1566491974469
4 hello-go-4 44655 1566491930262 1566491974917
5 hello-swift-5 45567 1566491930266 1566491975833
8 hello-py-8 46682 1566491930273 1566491976955
5 hello-py-5 47489 1566491930264 1566491977753
8 hello-java-8 48410 1566491930284 1566491978694
1 hello-py-1 50243 1566491930253 1566491980496
8 hello-ruby-8 53481 1566491930276 1566491983757
4 hello-nj-4 54547 1566491930259 1566491984806
4 hello-ruby-4 54636 1566491930261 1566491984897
7 hello-ruby-7 54908 1566491930277 1566491985185
4 hello-php-4 55769 1566491930260 1566491986029
2 hello-nj-2 56686 1566491930254 1566491986940
5 hello-go-5 59619 1566491930266 1566491989885
1 hello-dotnet-1 60556 1566491930253 1566491990809
3 hello-nj-3 60551 1566491930258 1566491990809
3 hello-php-3 60552 1566491930257 1566491990809
7 hello-go-7 60534 1566491930275 1566491990809
2 hello-dotnet-2 60553 1566491930256 1566491990809
4 hello-swift-4 60546 1566491930263 1566491990809
6 hello-java-6 60536 1566491930273 1566491990809
3 hello-py-3 60551 1566491930258 1566491990809
3 hello-dotnet-3 60551 1566491930259 1566491990810
4 hello-dotnet-4 60548 1566491930262 1566491990810
2 hello-go-2 60554 1566491930256 1566491990810
6 hello-dotnet-6 60535 1566491930275 1566491990810
2 hello-py-2 60555 1566491930255 1566491990810
5 hello-dotnet-5 60544 1566491930266 1566491990810
7 hello-py-7 60540 1566491930271 1566491990811
7 hello-dotnet-7 60536 1566491930275 1566491990811
8 hello-dotnet-8 60530 1566491930281 1566491990811
