1 hello-java-1 2990 1566493491448 1566493494438
1 hello-php-1 3199 1566493491448 1566493494647
1 hello-go-1 3554 1566493491448 1566493495002
2 hello-go-2 3597 1566493491451 1566493495048
2 hello-py-2 3848 1566493491450 1566493495298
1 hello-ruby-1 3986 1566493491448 1566493495434
2 hello-swift-2 4093 1566493491451 1566493495544
2 hello-ruby-2 4141 1566493491449 1566493495590
1 hello-nj-1 4720 1566493491447 1566493496167
2 hello-php-2 5963 1566493491449 1566493497412
2 hello-java-2 6006 1566493491450 1566493497456
2 hello-nj-2 6232 1566493491449 1566493497681
1 hello-py-1 6429 1566493491447 1566493497876
1 hello-swift-1 6489 1566493491449 1566493497938
1 hello-dotnet-1 7501 1566493491448 1566493498949
2 hello-dotnet-2 8013 1566493491451 1566493499464
