3 hello-java-3 2581 1566494610480 1566494613061
1 hello-php-1 2698 1566494610474 1566494613172
1 hello-py-1 3295 1566494610474 1566494613769
1 hello-go-1 3400 1566494610475 1566494613875
4 hello-ruby-4 3535 1566494610482 1566494614017
4 hello-py-4 3701 1566494610483 1566494614184
3 hello-ruby-3 4000 1566494610480 1566494614480
1 hello-java-1 4323 1566494610475 1566494614798
2 hello-go-2 4579 1566494610479 1566494615058
3 hello-swift-3 4653 1566494610482 1566494615135
2 hello-nj-2 6308 1566494610475 1566494616783
4 hello-go-4 6341 1566494610485 1566494616826
4 hello-java-4 6640 1566494610485 1566494617125
5 hello-java-5 7081 1566494610486 1566494617567
2 hello-java-2 7422 1566494610476 1566494617898
3 hello-py-3 7750 1566494610480 1566494618230
6 hello-swift-6 8346 1566494610488 1566494618834
4 hello-swift-4 8555 1566494610486 1566494619041
3 hello-go-3 9002 1566494610482 1566494619484
6 hello-java-6 9368 1566494610487 1566494619855
2 hello-ruby-2 9404 1566494610476 1566494619880
1 hello-ruby-1 9463 1566494610474 1566494619937
6 hello-nj-6 9484 1566494610487 1566494619971
1 hello-nj-1 9603 1566494610474 1566494620077
4 hello-nj-4 10326 1566494610482 1566494620808
5 hello-ruby-5 11105 1566494610485 1566494621590
2 hello-py-2 11189 1566494610476 1566494621665
4 hello-php-4 12080 1566494610484 1566494622564
5 hello-nj-5 12994 1566494610484 1566494623478
5 hello-php-5 13089 1566494610485 1566494623574
3 hello-php-3 13254 1566494610479 1566494623733
1 hello-swift-1 13304 1566494610475 1566494623779
2 hello-php-2 13864 1566494610476 1566494624340
6 hello-py-6 14008 1566494610489 1566494624497
6 hello-ruby-6 14084 1566494610488 1566494624572
2 hello-swift-2 14620 1566494610477 1566494625097
6 hello-go-6 15420 1566494610494 1566494625914
5 hello-go-5 15765 1566494610488 1566494626253
6 hello-php-6 15951 1566494610491 1566494626442
3 hello-nj-3 16231 1566494610478 1566494626709
5 hello-py-5 16299 1566494610486 1566494626785
5 hello-swift-5 16393 1566494610487 1566494626880
4 hello-dotnet-4 17587 1566494610486 1566494628073
5 hello-dotnet-5 17970 1566494610486 1566494628456
3 hello-dotnet-3 18062 1566494610481 1566494628543
1 hello-dotnet-1 18820 1566494610475 1566494629295
2 hello-dotnet-2 19087 1566494610477 1566494629564
6 hello-dotnet-6 19115 1566494610490 1566494629605
