6 hello-php-6 5244 1566495130716 1566495135960
5 hello-java-5 5458 1566495130711 1566495136169
2 hello-ruby-2 6225 1566495130701 1566495136926
2 hello-php-2 6334 1566495130701 1566495137035
6 hello-py-6 6517 1566495130714 1566495137231
3 hello-ruby-3 6930 1566495130704 1566495137634
5 hello-py-5 8227 1566495130712 1566495138939
1 hello-swift-1 9090 1566495130700 1566495139790
3 hello-nj-3 12289 1566495130705 1566495142994
6 hello-nj-6 13452 1566495130714 1566495144166
4 hello-java-4 15544 1566495130708 1566495146252
2 hello-java-2 16516 1566495130701 1566495147217
6 hello-ruby-6 18264 1566495130714 1566495148978
4 hello-swift-4 19215 1566495130710 1566495149925
2 hello-py-2 20097 1566495130701 1566495150798
6 hello-go-6 21381 1566495130715 1566495152096
2 hello-swift-2 21545 1566495130701 1566495152246
5 hello-php-5 22959 1566495130711 1566495153670
5 hello-swift-5 22983 1566495130713 1566495153696
6 hello-swift-6 26533 1566495130714 1566495157247
4 hello-go-4 27894 1566495130708 1566495158602
5 hello-go-5 29777 1566495130715 1566495160492
1 hello-go-1 32692 1566495130700 1566495163392
1 hello-php-1 33383 1566495130698 1566495164081
3 hello-go-3 33952 1566495130706 1566495164658
4 hello-ruby-4 34438 1566495130708 1566495165146
3 hello-php-3 35296 1566495130703 1566495165999
1 hello-java-1 38571 1566495130700 1566495169271
1 hello-nj-1 38579 1566495130698 1566495169277
5 hello-nj-5 40566 1566495130711 1566495171277
2 hello-go-2 41372 1566495130702 1566495172074
6 hello-java-6 42347 1566495130714 1566495173061
4 hello-php-4 43002 1566495130708 1566495173710
4 hello-py-4 46029 1566495130708 1566495176737
4 hello-nj-4 46398 1566495130708 1566495177106
3 hello-py-3 47659 1566495130704 1566495178363
2 hello-nj-2 48264 1566495130701 1566495178965
1 hello-py-1 49393 1566495130699 1566495180092
5 hello-ruby-5 51433 1566495130711 1566495182144
3 hello-swift-3 53535 1566495130707 1566495184242
1 hello-ruby-1 53902 1566495130698 1566495184600
3 hello-java-3 55050 1566495130705 1566495185755
1 hello-dotnet-1 55283 1566495130699 1566495185982
2 hello-dotnet-2 57159 1566495130701 1566495187860
5 hello-dotnet-5 58116 1566495130713 1566495188829
4 hello-dotnet-4 58423 1566495130709 1566495189132
3 hello-dotnet-3 59010 1566495130706 1566495189716
6 hello-dotnet-6 59153 1566495130718 1566495189871
