1 hello-java-1 4939 1566489378928 1566489383867
2 hello-php-2 5436 1566489378929 1566489384365
1 hello-py-1 5735 1566489378927 1566489384662
2 hello-nj-2 5739 1566489378928 1566489384667
1 hello-nj-1 6309 1566489378927 1566489385236
2 hello-swift-2 7735 1566489378931 1566489386666
1 hello-ruby-1 8350 1566489378927 1566489387277
2 hello-go-2 9440 1566489378930 1566489388370
2 hello-java-2 12693 1566489378930 1566489391623
1 hello-php-1 14333 1566489378927 1566489393260
2 hello-py-2 14721 1566489378930 1566489393651
2 hello-ruby-2 15536 1566489378929 1566489394465
1 hello-swift-1 16725 1566489378929 1566489395654
1 hello-go-1 17214 1566489378928 1566489396142
2 hello-dotnet-2 17407 1566489378930 1566489396337
1 hello-dotnet-1 17483 1566489378928 1566489396411
