3 hello-php-3 3078 1566493673028 1566493676106
2 hello-php-2 3358 1566493673024 1566493676382
4 hello-py-4 3372 1566493673034 1566493676406
4 hello-go-4 3388 1566493673033 1566493676421
1 hello-java-1 3433 1566493673022 1566493676455
1 hello-php-1 3505 1566493673022 1566493676527
2 hello-ruby-2 4072 1566493673024 1566493677096
3 hello-py-3 4179 1566493673028 1566493677207
2 hello-swift-2 5839 1566493673027 1566493678866
3 hello-java-3 6075 1566493673028 1566493679103
2 hello-nj-2 6162 1566493673024 1566493679186
3 hello-nj-3 6170 1566493673027 1566493679197
1 hello-nj-1 6758 1566493673022 1566493679780
1 hello-ruby-1 7140 1566493673022 1566493680162
4 hello-swift-4 7572 1566493673032 1566493680604
3 hello-swift-3 7877 1566493673030 1566493680907
3 hello-go-3 8265 1566493673029 1566493681294
2 hello-go-2 8457 1566493673027 1566493681484
2 hello-java-2 8548 1566493673025 1566493681573
3 hello-ruby-3 9227 1566493673027 1566493682254
1 hello-py-1 9555 1566493673022 1566493682577
4 hello-java-4 9669 1566493673033 1566493682702
4 hello-nj-4 10363 1566493673030 1566493683393
1 hello-go-1 10505 1566493673023 1566493683528
4 hello-php-4 10517 1566493673032 1566493683549
4 hello-ruby-4 10633 1566493673032 1566493683665
2 hello-py-2 12019 1566493673024 1566493685043
4 hello-dotnet-4 12526 1566493673033 1566493685559
2 hello-dotnet-2 12711 1566493673025 1566493685736
1 hello-swift-1 12837 1566493673024 1566493685861
1 hello-dotnet-1 13252 1566493673023 1566493686275
3 hello-dotnet-3 13516 1566493673029 1566493686545
