4 hello-java-4 5161 1566489580316 1566489585477
4 hello-php-4 5161 1566489580316 1566489585477
1 hello-py-1 6457 1566489580306 1566489586763
3 hello-py-3 6566 1566489580312 1566489586878
3 hello-java-3 7526 1566489580313 1566489587839
3 hello-swift-3 7783 1566489580315 1566489588098
3 hello-go-3 9231 1566489580314 1566489589545
1 hello-swift-1 9237 1566489580308 1566489589545
2 hello-php-2 11920 1566489580309 1566489592229
2 hello-py-2 14636 1566489580309 1566489594945
1 hello-nj-1 16319 1566489580306 1566489596625
4 hello-go-4 17464 1566489580318 1566489597782
1 hello-php-1 17739 1566489580306 1566489598045
3 hello-ruby-3 18763 1566489580312 1566489599075
4 hello-nj-4 20685 1566489580315 1566489601000
2 hello-ruby-2 21717 1566489580309 1566489602026
4 hello-ruby-4 22499 1566489580315 1566489602814
3 hello-nj-3 22814 1566489580311 1566489603125
1 hello-java-1 26174 1566489580307 1566489606481
2 hello-java-2 27193 1566489580309 1566489607502
2 hello-swift-2 28689 1566489580311 1566489609000
3 hello-php-3 28944 1566489580312 1566489609256
2 hello-nj-2 30046 1566489580308 1566489610354
1 hello-go-1 30504 1566489580308 1566489610812
2 hello-go-2 34147 1566489580310 1566489614457
1 hello-ruby-1 35028 1566489580306 1566489615334
4 hello-swift-4 35907 1566489580318 1566489616225
4 hello-py-4 36013 1566489580316 1566489616329
4 hello-dotnet-4 37728 1566489580317 1566489618045
2 hello-dotnet-2 38501 1566489580310 1566489618811
3 hello-dotnet-3 38638 1566489580313 1566489618951
1 hello-dotnet-1 38895 1566489580307 1566489619202
