8 hello-java-8 2951 1566493859838 1566493862789
1 hello-go-1 3290 1566493859817 1566493863107
7 hello-nj-7 3314 1566493859833 1566493863147
2 hello-php-2 3513 1566493859818 1566493863331
8 hello-go-8 3749 1566493859847 1566493863596
2 hello-go-2 3784 1566493859819 1566493863603
4 hello-py-4 4461 1566493859827 1566493864288
6 hello-swift-6 5020 1566493859836 1566493864856
1 hello-nj-1 5997 1566493859816 1566493865813
8 hello-py-8 5978 1566493859843 1566493865821
4 hello-java-4 6229 1566493859825 1566493866054
4 hello-php-4 6727 1566493859825 1566493866552
6 hello-php-6 6737 1566493859830 1566493866567
8 hello-nj-8 6784 1566493859843 1566493866627
2 hello-py-2 6815 1566493859819 1566493866634
3 hello-py-3 7460 1566493859822 1566493867282
3 hello-php-3 8973 1566493859821 1566493868794
1 hello-php-1 9112 1566493859816 1566493868928
4 hello-swift-4 9110 1566493859831 1566493868941
2 hello-nj-2 9149 1566493859818 1566493868967
3 hello-nj-3 9211 1566493859820 1566493869031
8 hello-swift-8 9321 1566493859840 1566493869161
1 hello-py-1 10206 1566493859816 1566493870022
2 hello-ruby-2 10458 1566493859819 1566493870277
6 hello-nj-6 11452 1566493859832 1566493871284
6 hello-java-6 11548 1566493859839 1566493871387
4 hello-nj-4 11671 1566493859823 1566493871494
8 hello-php-8 11811 1566493859856 1566493871667
7 hello-go-7 12170 1566493859843 1566493872013
5 hello-nj-5 12393 1566493859832 1566493872225
1 hello-java-1 12679 1566493859817 1566493872496
2 hello-swift-2 12944 1566493859821 1566493872765
1 hello-ruby-1 14512 1566493859816 1566493874328
7 hello-java-7 14569 1566493859845 1566493874414
7 hello-php-7 14750 1566493859844 1566493874594
2 hello-java-2 14805 1566493859819 1566493874624
3 hello-swift-3 14911 1566493859824 1566493874735
5 hello-java-5 14973 1566493859831 1566493874804
8 hello-ruby-8 15120 1566493859840 1566493874960
5 hello-py-5 15326 1566493859831 1566493875157
5 hello-php-5 17068 1566493859830 1566493876898
3 hello-go-3 17162 1566493859824 1566493876986
4 hello-go-4 18137 1566493859827 1566493877964
3 hello-java-3 18300 1566493859822 1566493878122
5 hello-ruby-5 18301 1566493859830 1566493878131
7 hello-py-7 18685 1566493859838 1566493878523
3 hello-ruby-3 19394 1566493859822 1566493879216
6 hello-py-6 19402 1566493859832 1566493879234
6 hello-ruby-6 19637 1566493859831 1566493879468
7 hello-ruby-7 20191 1566493859836 1566493880027
5 hello-go-5 20525 1566493859830 1566493880355
6 hello-go-6 20554 1566493859837 1566493880391
4 hello-ruby-4 21522 1566493859824 1566493881346
1 hello-swift-1 21559 1566493859818 1566493881377
7 hello-swift-7 22895 1566493859840 1566493882735
5 hello-swift-5 22909 1566493859831 1566493882740
5 hello-dotnet-5 23532 1566493859832 1566493883364
2 hello-dotnet-2 23581 1566493859820 1566493883401
3 hello-dotnet-3 23648 1566493859823 1566493883471
6 hello-dotnet-6 23683 1566493859836 1566493883519
8 hello-dotnet-8 24316 1566493859852 1566493884168
4 hello-dotnet-4 24350 1566493859827 1566493884177
7 hello-dotnet-7 25710 1566493859845 1566493885555
1 hello-dotnet-1 25782 1566493859817 1566493885599
